0.587334469457
0.00184835310265
0.00184835310265
0.00184835310265
0.00184835310265
100.0
100.0
100.0
0.00184532571836
0.00184532571836
0.00184532571836
0.00184532571836
0.00184532571836
0.00184532571836
0.00184532571836
0.00184532571836
0.00184532571836
0.00184532571836
0.961130443818
0.960918458139
0.960918458139
0.960918458139
0.960918458139
0.960918458139
0.960918458139
0.960918458139
0.960918458139
0.960918458139
0.200186510239
0.00185290500862
0.00185290500862
0.00185290500862
0.00185290500862
0.00185290500862
0.00185290500862
0.00185290500862
0.00185290500862
0.00185290500862
0.00184528846096
0.00184524384833
0.00184524384833
0.00184524384833
0.00184524384833
0.00184524384833
0.00184524384833
0.00184524384833
0.00184524384833
0.00184524384833
0.978755416718
0.978755416718
0.978755416718
0.978755416718
0.978755416718
0.978755416718
0.978755416718
0.978755416718
0.978755416718
0.978755416718
0.796344212192
0.598771127042
0.203228590558
0.0056555054076
0.0056555054076
0.0056555054076
0.0056555054076
0.0056555054076
0.0056555054076
0.0056555054076
0.977369285482
0.966601521696
0.966601521696
0.966601521696
0.966601521696
0.966601521696
0.966601521696
0.966601521696
0.966601521696
0.966601521696
0.197270156967
0.00184680251338
0.0018462552902
0.0018462552902
0.0018462552902
0.0018462552902
0.0018462552902
0.0018462552902
0.0018462552902
0.0018462552902
0.0056555054076
0.0056555054076
0.0056555054076
0.0056555054076
0.0056555054076
0.0056555054076
0.0056555054076
0.0056555054076
0.0056555054076
0.0056555054076
0.398522294141
0.00184905151797
0.00184905151797
0.00184905151797
0.00184905151797
0.00184905151797
0.00184905151797
0.00184905151797
0.00184905151797
0.00184905151797
10.4809726695
0.2807048876
0.0056555054076
0.0056555054076
0.0056555054076
0.0056555054076
0.0056555054076
0.0056555054076
0.0056555054076
0.0056555054076
0.0056555054076
0.0056555054076
0.0056555054076
0.0056555054076
0.0056555054076
0.0056555054076
0.0056555054076
0.0056555054076
0.0056555054076
0.0056555054076
0.0056555054076
0.0056555054076
0.0056555054076
0.0056555054076
0.0056555054076
0.0056555054076
0.0056555054076
0.0056555054076
0.0056555054076
0.0056555054076
0.0056555054076
0.0056555054076
0.0056555054076
0.0056555054076
0.0056555054076
0.0056555054076
0.0056555054076
0.0056555054076
0.0056555054076
0.0056555054076
0.0056555054076
0.0056555054076
0.0056555054076
0.0056555054076
0.0056555054076
0.0056555054076
0.0056555054076
0.0056555054076
0.0056555054076
0.0056555054076
0.0056555054076
0.0056555054076
0.0056555054076
0.0056555054076
0.0056555054076
0.0056555054076
0.0056555054076
0.0056555054076
0.0056555054076
0.0056555054076
0.0056555054076
0.0056555054076
0.0056555054076
0.0056555054076
0.0056555054076
0.0056555054076
0.0056555054076
0.0056555054076
0.0056555054076
0.0056555054076
0.0056555054076
0.0056555054076
0.0056555054076
0.0056555054076
0.0056555054076
0.0056555054076
0.0056555054076
0.0056555054076
0.0056555054076
0.0056555054076
0.0056555054076
0.0056555054076
0.0056555054076
0.0056555054076
0.0056555054076
0.0056555054076
0.0056555054076
0.0056555054076
0.0056555054076
0.0056555054076
0.0056555054076
0.0056555054076
0.0056555054076
0.0056555054076
0.0056555054076
0.0056555054076
0.0056555054076
0.0056555054076
0.0056555054076
0.0056555054076
25.0042416291
0.0056555054076
0.0056555054076
0.0056555054076
0.0056555054076
0.0056555054076
0.0056555054076
0.0056555054076
0.0056555054076
0.0056555054076
0.00617945249754
0.0056555054076
0.0056555054076
0.0056555054076
0.0056555054076
0.0056555054076
0.0056555054076
0.0056555054076
0.0056555054076
0.0056555054076
